Parsed 190 points from CSV file.
array([[  0.        ,   0.28031475,   0.82095106, ...,  11.63227094,
         12.15610736,  11.88911352],
       [  0.28031475,   0.        ,   1.09701867, ...,  11.44105289,
         11.96263709,  11.69644437],
       [  0.82095106,   1.09701867,   0.        , ...,  12.31183175,
         12.83943675,  12.5712887 ],
       ..., 
       [ 11.63227094,  11.44105289,  12.31183175, ...,   0.        ,
          0.57180853,   0.28282503],
       [ 12.15610736,  11.96263709,  12.83943675, ...,   0.57180853,
          0.        ,   0.2903429 ],
       [ 11.88911352,  11.69644437,  12.5712887 , ...,   0.28282503,
          0.2903429 ,   0.        ]])
