Parsed 21 points from CSV file.
array([[  0.        ,   1.42661614,   2.94175598,   3.97480091,
          5.23604882,  13.09576354,   8.58490469,  14.70036874,
          4.16343899,   5.30083241,   8.58288476,  10.72402907,
         15.92040538,   8.73498704,   7.287857  ,  10.78808257,
          6.7683384 ,   7.12609771,  11.70464329,   7.81494096,
          9.54564317],
       [  1.42661614,   0.        ,   1.54863811,   2.61057974,
          3.87990141,  11.69624837,   7.18594346,  13.29799233,
          5.1236596 ,   5.79591992,   9.10595458,   9.32232342,
         14.51061601,   7.35504041,   6.06789018,  11.21664425,
          5.96241656,   6.67660716,  12.07604067,   7.68105266,
          9.76901057],
       [  2.94175598,   1.54863811,   0.        ,   1.0706703 ,
          2.34004673,  10.25785392,   5.67817935,  11.84884401,
          6.40994578,   6.67537302,   9.93025535,   7.79057008,
         13.0354204 ,   5.80992691,   4.7576407 ,  11.88692681,
          5.27864888,   6.4397104 ,  12.6700026 ,   7.73896699,
         10.19376967],
       [  3.97480091,   2.61057974,   1.0706703 ,   0.        ,
          1.28158886,   9.36344192,   4.70885699,  10.93862442,
          7.34324466,   7.39821885,  10.5885595 ,   6.78130469,
         12.09513319,   4.76727702,   3.9440311 ,  12.42873872,
          5.00446374,   6.46028678,  13.15706883,   7.91259432,
         10.57767574],
       [  5.23604882,   3.87990141,   2.34004673,   1.28158886,
          0.        ,   8.22697338,   3.51443363,   9.7817786 ,
          8.58123466,   8.49146561,  11.60339579,   5.54718323,
         10.91046115,   3.55366061,   3.37870021,  13.33291679,
          5.19950104,   6.93282331,  14.00610617,   8.51876556,
         11.35406447],
       [ 13.09576354,  11.69624837,  10.25785392,   9.36344192,
          8.22697338,   0.        ,   4.73425532,   1.61428436,
         16.3244828 ,  15.98228828,  18.68578243,   3.29724643,
          2.94327862,   5.52179259,   8.50270217,  20.11861479,
         11.3845968 ,  13.35041184,  20.61053171,  15.20267578,
         18.12698802],
       [  8.58490469,   7.18594346,   5.67817935,   4.70885699,
          3.51443363,   4.73425532,   0.        ,   6.27187266,
         11.87971469,  11.61335529,  14.52134102,   2.23222872,
          7.40570361,   1.69369064,   4.45658931,  16.08369215,
          7.301321  ,   9.28766517,  16.65790915,  11.07641154,
         14.03878497],
       [ 14.70036874,  13.29799233,  11.84884401,  10.93862442,
          9.7817786 ,   1.61428436,   6.27187266,   0.        ,
         17.89215131,  17.48513307,  20.12040914,   4.57910188,
          1.39776115,   6.88949393,   9.83192024,  21.47674446,
         12.70740161,  14.67028451,  21.92895799,  16.52283748,  19.4562757 ],
       [  4.16343899,   5.1236596 ,   6.40994578,   7.34324466,
          8.58123466,  16.3244828 ,  11.87971469,  17.89215131,
          0.        ,   2.28254244,   4.86728413,  13.84615821,
         19.04094783,  11.6953799 ,   9.38386502,   7.21119205,
          7.517992  ,   6.66653701,   8.22217318,   6.42645804,
          6.74162409],
       [  5.30083241,   5.79591992,   6.67537302,   7.39821885,
          8.49146561,  15.98228828,  11.61335529,  17.48513307,
          2.28254244,   0.        ,   3.330894  ,  13.36209179,
         18.5331782 ,  11.14704943,   8.44026793,   5.49462381,
          6.07519578,   4.79405004,   6.42564641,   4.33501591,
          4.63308702],
       [  8.58288476,   9.10595458,   9.93025535,  10.5885595 ,
         11.60339579,  18.68578243,  14.52134102,  20.12040914,
          4.86728413,   3.330894  ,   0.        ,  16.09505658,
         21.08978276,  13.90937242,  10.98749848,   2.41225162,
          8.24788778,   6.41429255,   3.44504193,   5.20572774,
          3.22298155],
       [ 10.72402907,   9.32232342,   7.79057008,   6.78130469,
          5.54718323,   3.29724643,   2.23222872,   4.57910188,
         13.84615821,  13.36209179,  16.09505658,   0.        ,
          5.50174415,   2.34691309,   5.43182689,  17.46012252,
          8.40604398,  10.44269675,  17.93869144,  12.26344284,
         15.29951704],
       [ 15.92040538,  14.51061601,  13.0354204 ,  12.09513319,
         10.91046115,   2.94327862,   7.40570361,   1.39776115,
         19.04094783,  18.5331782 ,  21.08978276,   5.50174415,
          0.        ,   7.81376593,  10.67295576,  22.34611482,
         13.52491466,  15.4814444 ,  22.7504712 ,  17.32342544,
         20.27239078],
       [  8.73498704,   7.35504041,   5.80992691,   4.76727702,
          3.55366061,   5.52179259,   1.69369064,   6.88949393,
         11.6953799 ,  11.14704943,  13.90937242,   2.34691309,
          7.81376593,   0.        ,   3.19349124,  15.28598519,
          6.18052055,   8.23355466,  15.78542401,  10.02760384,
         13.08611163],
       [  7.287857  ,   6.06789018,   4.7576407 ,   3.9440311 ,
          3.37870021,   8.50270217,   4.45658931,   9.83192024,
          9.38386502,   8.44026793,  10.98749848,   5.43182689,
         10.67295576,   3.19349124,   0.        ,  12.21257278,
          2.9968415 ,   5.06056074,  12.67343335,   6.84941479,
          9.93098228],
       [ 10.78808257,  11.21664425,  11.88692681,  12.42873872,
         13.33291679,  20.11861479,  16.08369215,  21.47674446,
          7.21119205,   5.49462381,   2.41225162,  17.46012252,
         22.34611482,  15.28598519,  12.21257278,   0.        ,
          9.29555598,   7.26688578,   1.05156312,   5.74197362,
          2.73072097],
       [  6.7683384 ,   5.96241656,   5.27864888,   5.00446374,
          5.19950104,  11.3845968 ,   7.301321  ,  12.70740161,
          7.517992  ,   6.07519578,   8.24788778,   8.40604398,
         13.52491466,   6.18052055,   2.9968415 ,   9.29555598,
          0.        ,   2.07119869,   9.72551767,   3.85805236,
          6.94361822],
       [  7.12609771,   6.67660716,   6.4397104 ,   6.46028678,
          6.93282331,  13.35041184,   9.28766517,  14.67028451,
          6.66653701,   4.79405004,   6.41429255,  10.44269675,
         15.4814444 ,   8.23355466,   5.06056074,   7.26688578,
          2.07119869,   0.        ,   7.66742056,   1.86008817,
          4.88021659],
       [ 11.70464329,  12.07604067,  12.6700026 ,  13.15706883,
         14.00610617,  20.61053171,  16.65790915,  21.92895799,
          8.22217318,   6.42564641,   3.44504193,  17.93869144,
         22.7504712 ,  15.78542401,  12.67343335,   1.05156312,
          9.72551767,   7.66742056,   0.        ,   6.09590994,
          2.99102424],
       [  7.81494096,   7.68105266,   7.73896699,   7.91259432,
          8.51876556,  15.20267578,  11.07641154,  16.52283748,
          6.42645804,   4.33501591,   5.20572774,  12.26344284,
         17.32342544,  10.02760384,   6.84941479,   5.74197362,
          3.85805236,   1.86008817,   6.09590994,   0.        ,
          3.16963058],
       [  9.54564317,   9.76901057,  10.19376967,  10.57767574,
         11.35406447,  18.12698802,  14.03878497,  19.4562757 ,
          6.74162409,   4.63308702,   3.22298155,  15.29951704,
         20.27239078,  13.08611163,   9.93098228,   2.73072097,
          6.94361822,   4.88021659,   2.99102424,   3.16963058,   0.        ]])
